bee_id	controlled_for_contamination	total_genera	contaminant_genera	proportion_contaminant	total_proportional_biomass_of_top_genera	contaminant_proportional_biomass	proportion_proportional_biomass_contaminant
1	No	5	1	0.2	96.4	6.6	6.846473029045643
2	Yes	1	0	0	93	0	0
3	No	5	1	0.2	87.19999999999999	14.6	16.743119266055047
4	No	5	2	0.4	85.5	17.8	20.818713450292396
5	No	5	0	0	97.6	0	0
6	No	5	0	0	65.2	0	0
7	No	5	0	0	45.5	0	0
8	Yes	5	2	0.4	85	14	16.470588235294116
9	Yes	5	1	0.2	72.3	10	13.831258644536653
10	Yes	5	0	0	82	0	0
11	No	5	3	0.6	39.1	31	79.28388746803068
12	No	5	2	0.4	60.800000000000004	48.900000000000006	80.42763157894737
13	No	5	2	0.4	39.9	21.7	54.385964912280706
14	No	5	2	0.4	89.8	6.9	7.683741648106905
15	No	5	0	0	89.5	0	0
16	Yes	4	0	0	95.6	0	0
17	No	2	0	0	98.6	0	0
18	No	3	0	0	99.4	0	0
19	No	5	1	0.2	92.1	3	3.257328990228013
20	No	5	0	0	83	0	0
21	No	4	0	0	99	0	0
22	No	5	0	0	85.9	0	0
23	No	5	0	0	98.2	0	0
24	No	3	0	0	99.19999999999999	0	0
25	No	3	0	0	99.2	0	0
26	No	3	0	0	98.4	0	0
27	No	5	0	0	95.2	0	0
28	No	5	0	0	83.2	0	0
29	Yes	4	0	0	89	0	0
30	Yes	2	0	0	66.8	0	0
31	No	3	0	0	96.4	0	0
32	No	5	0	0	84.9	0	0
33	No	5	0	0	95.6	0	0
34	No	5	0	0	92.2	0	0
35	No	5	2	0.4	87.3	57.7	66.09392898052693
36	No	3	0	0	68.2	0	0
37	Yes	5	1	0.2	75.5	2.8	3.7086092715231787
38	No	5	3	0.6	115.5	90.5	78.35497835497836
39	No	3	1	0.3333333333333333	93.2	6.3	6.759656652360515
40	No	5	0	0	96.4	0	0
41	No	5	0	0	92.2	0	0
42	Yes	5	0	0	89.8	0	0
43	Yes	5	1	0.2	96	3.8	3.958333333333333
44	No	5	0	0	74.4	0	0
45	Yes	5	0	0	57.9	0	0
46	Yes	5	0	0	68.4	0	0
47	Yes	5	0	0	62.800000000000004	0	0
48	Yes	5	0	0	70.4	0	0
49	Yes	5	0	0	60.4	0	0
50	Yes	5	1	0.2	90.2	4	4.434589800443459
51	No	5	0	0	79.3	0	0
52	No	5	3	0.6	94.9	64.5	67.96628029504741
53	No	5	0	0	172.3	0	0
54	No	5	0	0	92.6	0	0
55	Yes	5	0	0	90.19999999999999	0	0
56	Yes	3	0	0	96.69999999999999	0	0
57	Yes	3	0	0	77.5	0	0
